19 37
000000000100000000000000000000000000
000000001010000000000000000000000000
000000111010000000000000000000000000
000001000011010000000000000000000000
000001011000110000001100000000000000
000011010110000000001010000000000000
000000000101111100000010010110000000
001011011010000010000110101101000000
000001100000111100000000100001000000
100010100100010100001101011110110000
100010100110101101100001010000101000
000001100011101101011101001110001000
001011011011000000000000010100101011
000000000001000000101010100110101010
000011010101100000011010101000101010
000001011010010000000101100111101100
000001000010100000000100011000000000
000011000011000000001100010010000000
000000000000000000000000000110000000